5 10 1 73 0.0071638550
5 10 2 44 0.0245161262
5 10 3 44 0.0094670319
5 10 4 44 0.0043826801
5 10 5 47 0.0397277145
5 20 1 87 0.0112481538
5 20 2 33 0.0473640772
5 20 3 33 0.0175536500
5 20 4 33 0.0085927398
5 20 5 24 0.0184058019
5 50 1 94 0.0136209829
5 50 2 42 0.0065608895
5 50 3 44 0.0000000000
5 50 4 44 0.0000000000
5 50 5 82 0.0338751243
5 100 1 44 0.0157413790
5 100 2 112 0.0350819030
5 100 3 44 0.0097658980
5 100 4 44 0.0048836211
5 100 5 62 0.0795268927
10 20 1 133 0.0094187255
10 20 2 113 0.0441261118
10 20 3 34 0.0202582140
10 20 4 34 0.0099776541
10 20 5 54 0.0265622240
10 50 1 93 0.0081886345
10 50 2 93 0.0466685795
10 50 3 68 0.0344823820
10 50 4 111 0.0122235226
10 50 5 62 0.0478215191
10 100 1 27 0.0111987892
10 100 2 27 0.0598088329
10 100 3 152 0.0258587543
10 100 4 152 0.0097857475
10 100 5 128 0.0498299610
20 50 1 42 0.0207919824
20 50 2 83 0.0400059715
20 50 3 33 0.0269075491
20 50 4 33 0.0106342758
20 50 5 33 0.0455001161
20 100 1 52 0.0093915960
20 100 2 132 0.0102035492
20 100 3 52 0.0260880114
20 100 4 52 0.0089758959
20 100 5 52 0.0097964237
50 100 1 94 0.0169169362
50 100 2 42 0.0302980633
50 100 3 24 0.0321254965
50 100 4 62 0.0127004436
50 100 5 43 0.0802937470
