识别种类	实际种类
100		100
100		100
100		100
100		100
100		100
 50		100	100ZN_103_down_trans_G.txt
100		100
100		100
100		100
100		100
100		100
100		100
100		100
100		100
100		100
100		100
100		100
100		100
100		100
100		100
100		100
100		100
100		100
100		100
100		100
100		100
100		100
100		100
100		100
100		100
100		100
100		100
100		100
100		100
100		100
100		100
100		100
100		100
100		100
100		100
100		100
100		100
100		100
100		100
100		100
100		100
100		100
100		100
100		100
100		100
100		100
100		100
 50		100	100ZN_89_up_trans_G.txt
 20		100	100ZN_90_down_trans_G.txt
100		100
100		100
100		100
100		100
100		100
100		100
100		100
100		100
100		100
100		100
100		100
100		100
100		100
100		100
100		100
100		100
100		100
100		100
100		100
 10		10
100		10	10ZN_72_up_trans_G.txt
100		10	10ZN_73_up_trans_G.txt
 10		10
 10		10
  5		10	10ZN_76_up_trans_G.txt
100		10	10ZN_77_up_trans_G.txt
 10		10
 10		10
100		10	10ZN_80_up_trans_G.txt
100		10	10ZN_81_up_trans_G.txt
100		10	10ZN_82_up_trans_G.txt
 10		10
 10		10
100		10	10ZN_85_up_trans_G.txt
 10		10
 10		10
 10		10
 10		10
 10		10
 10		10
 10		10
100		10	10ZN_93_up_trans_G.txt
100		10	10ZN_94_up_trans_G.txt
 10		10
 10		10
 10		10
 10		10
100		10	10ZN_99_up_trans_G.txt
 20		20
 20		20
 20		20
 20		20
 20		20
 20		20
 20		20
 20		20
 20		20
 20		20
 20		20
 20		20
 20		20
 20		20
 20		20
 20		20
 20		20
 20		20
 20		20
 20		20
 20		20
 20		20
 20		20
 20		20
 20		20
 20		20
 20		20
 20		20
 20		20
 20		20
 20		20
 20		20
 20		20
 20		20
 20		20
 10		20	20ZN_87_up_trans_G.txt
 20		20
 20		20
 20		20
 20		20
 20		20
 20		20
 20		20
 20		20
 20		20
 20		20
 20		20
 20		20
 20		20
 20		20
 20		20
 20		20
 20		20
 20		20
 20		20
 20		20
 20		20
 50		50
 10		50	50ZN_71_up_trans_G.txt
 50		50
 10		50	50ZN_72_up_trans_G.txt
 50		50
100		50	50ZN_73_up_trans_G.txt
 50		50
 50		50
 50		50
 10		50	50ZN_75_up_trans_G.txt
 50		50
 10		50	50ZN_76_up_trans_G.txt
 50		50
 50		50
 50		50
 50		50
 50		50
 10		50	50ZN_79_up_trans_G.txt
 50		50
 10		50	50ZN_81_up_trans_G.txt
 50		50
 10		50	50ZN_82_up_trans_G.txt
 50		50
 10		50	50ZN_83_up_trans_G.txt
100		50	50ZN_84_down_trans_G.txt
 50		50
 50		50
 50		50
 50		50
 50		50
 50		50
 10		50	50ZN_87_up_trans_G.txt
 50		50
 50		50
 50		50
 50		50
 50		50
 50		50
 10		50	50ZN_92_up_trans_G.txt
 50		50
  5		5
  5		5
  5		5
  5		5
  5		5
  5		5
  5		5
  5		5
  5		5
  5		5
  5		5
  5		5
  5		5
  5		5
  5		5
  5		5
  5		5
  5		5
  5		5
  5		5
  5		5
  5		5
  5		5
  5		5
  5		5
  5		5
  5		5
  5		5
  5		5
 20		5	5ZN_86_down_trans_G.txt
  5		5
  5		5
  5		5
  5		5
  5		5
  5		5
  5		5
  5		5
  5		5
  5		5
  5		5
  5		5
  5		5
  5		5
  5		5
  5		5
  5		5
  5		5
  5		5
  5		5
  5		5
  5		5
  5		5
  5		5
  5		5
100		5	5ZN_99_down_trans_G.txt
  5		5

正确识别数：	227
总数为：	256
准确率为：	0.886719
