5 10 1 79 0.0000000000
5 10 2 79 0.0000000000
5 10 3 79 0.0000000000
5 10 4 79 0.0000000000
5 10 5 109 0.0008287185
5 20 1 79 0.0000000000
5 20 2 44 0.0131075860
5 20 3 97 0.0023177811
5 20 4 80 0.0006884440
5 20 5 109 0.0090342520
5 50 1 80 0.0000000000
5 50 2 79 0.0000000000
5 50 3 79 0.0000000000
5 50 4 80 0.0000000000
5 50 5 44 0.0076650284
5 100 1 79 0.0000000000
5 100 2 79 0.0000000000
5 100 3 79 0.0000000000
5 100 4 79 0.0000000000
5 100 5 36 0.0057998461
10 20 1 133 0.0037563324
10 20 2 133 0.0269661143
10 20 3 79 0.0000000000
10 20 4 99 0.0000000000
10 20 5 53 0.0087814234
10 50 1 79 0.0000000000
10 50 2 79 0.0000000000
10 50 3 79 0.0000000000
10 50 4 79 0.0000000000
10 50 5 93 0.0162947261
10 100 1 79 0.0000000000
10 100 2 79 0.0000000000
10 100 3 79 0.0000000000
10 100 4 79 0.0000000000
10 100 5 71 0.0000000000
20 50 1 79 0.0000000000
20 50 2 99 0.0000000000
20 50 3 79 0.0000000000
20 50 4 99 0.0000000000
20 50 5 53 0.0251255835
20 100 1 79 0.0000000000
20 100 2 99 0.0000000000
20 100 3 79 0.0000000000
20 100 4 79 0.0000000000
20 100 5 3 0.0186179319
50 100 1 79 0.0000000000
50 100 2 79 0.0000000000
50 100 3 79 0.0000000000
50 100 4 79 0.0000000000
50 100 5 75 0.0172369929
