5 10 1 79 0.0000000000
5 10 2 63 0.0000000000
5 10 3 79 0.0000000000
5 10 4 79 0.0000000000
5 10 5 109 0.0007689140
5 20 1 79 0.0000000000
5 20 2 44 0.0106163863
5 20 3 97 0.0010752593
5 20 4 80 0.0006387625
5 20 5 109 0.0054907258
5 50 1 79 0.0000000000
5 50 2 79 0.0000000000
5 50 3 79 0.0000000000
5 50 4 79 0.0000000000
5 50 5 44 0.0066369010
5 100 1 79 0.0000000000
5 100 2 79 0.0000000000
5 100 3 79 0.0000000000
5 100 4 79 0.0000000000
5 100 5 36 0.0045621477
10 20 1 79 0.0020547604
10 20 2 133 0.0206694575
10 20 3 79 0.0000000000
10 20 4 97 0.0000000000
10 20 5 53 0.0055621246
10 50 1 79 0.0000000000
10 50 2 79 0.0000000000
10 50 3 79 0.0000000000
10 50 4 79 0.0000000000
10 50 5 93 0.0137646024
10 100 1 79 0.0000000000
10 100 2 79 0.0000000000
10 100 3 79 0.0000000000
10 100 4 79 0.0000000000
10 100 5 71 0.0000000000
20 50 1 79 0.0000000000
20 50 2 99 0.0000000000
20 50 3 79 0.0000000000
20 50 4 99 0.0000000000
20 50 5 53 0.0199648631
20 100 1 79 0.0000000000
20 100 2 99 0.0000000000
20 100 3 79 0.0000000000
20 100 4 79 0.0000000000
20 100 5 3 0.0168319769
50 100 1 79 0.0000000000
50 100 2 79 0.0000000000
50 100 3 79 0.0000000000
50 100 4 79 0.0000000000
50 100 5 75 0.0136761674
