5 10 1 79 0.0000000000
5 10 2 79 0.0000000000
5 10 3 79 0.0000000000
5 10 4 79 0.0000000000
5 10 5 109 0.0008543489
5 20 1 79 0.0000000000
5 20 2 44 0.0135129752
5 20 3 97 0.0023894650
5 20 4 80 0.0007097361
5 20 5 44 0.0123122631
5 50 1 80 0.0000000000
5 50 2 79 0.0000000000
5 50 3 79 0.0000000000
5 50 4 80 0.0000000000
5 50 5 44 0.0079020912
5 100 1 79 0.0000000000
5 100 2 79 0.0000000000
5 100 3 79 0.0000000000
5 100 4 79 0.0000000000
5 100 5 36 0.0068893926
10 20 1 133 0.0042726831
10 20 2 133 0.0294114691
10 20 3 79 0.0000000000
10 20 4 99 0.0000000000
10 20 5 53 0.0090530138
10 50 1 79 0.0000000000
10 50 2 79 0.0000000000
10 50 3 79 0.0000000000
10 50 4 79 0.0000000000
10 50 5 93 0.0184461571
10 100 1 79 0.0000000000
10 100 2 79 0.0000000000
10 100 3 79 0.0000000000
10 100 4 79 0.0000000000
10 100 5 71 0.0000000000
20 50 1 79 0.0000000000
20 50 2 99 0.0000000000
20 50 3 79 0.0000000000
20 50 4 99 0.0000000000
20 50 5 53 0.0270482876
20 100 1 79 0.0000000000
20 100 2 99 0.0000000000
20 100 3 79 0.0000000000
20 100 4 79 0.0000000000
20 100 5 3 0.0191937442
50 100 1 79 0.0000000000
50 100 2 79 0.0000000000
50 100 3 79 0.0000000000
50 100 4 79 0.0000000000
50 100 5 75 0.0177700958
