5 10 1 79 0.0000000000
5 10 2 79 0.0000000000
5 10 3 79 0.0000000000
5 10 4 79 0.0000000000
5 10 5 109 0.0008970664
5 20 1 99 0.0023150824
5 20 2 44 0.0159914640
5 20 3 100 0.0026376716
5 20 4 80 0.0007452229
5 20 5 109 0.0131528431
5 50 1 80 0.0000000000
5 50 2 79 0.0000000000
5 50 3 79 0.0000000000
5 50 4 80 0.0000000000
5 50 5 44 0.0098458060
5 100 1 79 0.0000000000
5 100 2 79 0.0000000000
5 100 3 79 0.0000000000
5 100 4 79 0.0000000000
5 100 5 36 0.0081895406
10 20 1 133 0.0044863173
10 20 2 79 0.0116665242
10 20 3 79 0.0000000000
10 20 4 99 0.0000000000
10 20 5 53 0.0108649127
10 50 1 79 0.0000000000
10 50 2 79 0.0000000000
10 50 3 79 0.0000000000
10 50 4 79 0.0000000000
10 50 5 59 0.0217927765
10 100 1 79 0.0000000000
10 100 2 79 0.0000000000
10 100 3 79 0.0000000000
10 100 4 79 0.0000000000
10 100 5 71 0.0000000000
20 50 1 79 0.0000000000
20 50 2 99 0.0000000000
20 50 3 79 0.0000000000
20 50 4 99 0.0000000000
20 50 5 53 0.0311032528
20 100 1 79 0.0000000000
20 100 2 99 0.0000000000
20 100 3 79 0.0000000000
20 100 4 79 0.0000000000
20 100 5 3 0.0249337267
50 100 1 79 0.0000000000
50 100 2 79 0.0000000000
50 100 3 79 0.0000000000
50 100 4 79 0.0000000000
50 100 5 75 0.0220874279
