5 10 1 79 0.0000000000
5 10 2 63 0.0000000000
5 10 3 79 0.0000000000
5 10 4 79 0.0000000000
5 10 5 109 0.0008116315
5 20 1 79 0.0000000000
5 20 2 44 0.0128373265
5 20 3 97 0.0022699918
5 20 4 80 0.0006742493
5 20 5 109 0.0077276882
5 50 1 80 0.0000000000
5 50 2 79 0.0000000000
5 50 3 79 0.0000000000
5 50 4 79 0.0000000000
5 50 5 44 0.0075069866
5 100 1 79 0.0000000000
5 100 2 79 0.0000000000
5 100 3 79 0.0000000000
5 100 4 79 0.0000000000
5 100 5 36 0.0056802617
10 20 1 133 0.0034333115
10 20 2 133 0.0248793282
10 20 3 79 0.0000000000
10 20 4 99 0.0000000000
10 20 5 53 0.0072357473
10 50 1 79 0.0000000000
10 50 2 79 0.0000000000
10 50 3 79 0.0000000000
10 50 4 79 0.0000000000
10 50 5 93 0.0152440275
10 100 1 79 0.0000000000
10 100 2 79 0.0000000000
10 100 3 79 0.0000000000
10 100 4 79 0.0000000000
10 100 5 71 0.0000000000
20 50 1 79 0.0000000000
20 50 2 99 0.0000000000
20 50 3 79 0.0000000000
20 50 4 99 0.0000000000
20 50 5 53 0.0239291192
20 100 1 79 0.0000000000
20 100 2 99 0.0000000000
20 100 3 79 0.0000000000
20 100 4 79 0.0000000000
20 100 5 3 0.0182340570
50 100 1 79 0.0000000000
50 100 2 79 0.0000000000
50 100 3 79 0.0000000000
50 100 4 79 0.0000000000
50 100 5 75 0.0168815910
