5 10 1 79 0.0000000000
5 10 2 79 0.0000000000
5 10 3 79 0.0000000000
5 10 4 79 0.0000000000
5 10 5 109 0.0019650025
5 20 1 112 0.0045998420
5 20 2 44 0.0186479058
5 20 3 97 0.0068697119
5 20 4 100 0.0008759090
5 20 5 109 0.0153879961
5 50 1 80 0.0000000000
5 50 2 99 0.0000000000
5 50 3 99 0.0000000000
5 50 4 80 0.0000000000
5 50 5 44 0.0130865189
5 100 1 80 0.0000000000
5 100 2 80 0.0000000000
5 100 3 80 0.0000000000
5 100 4 79 0.0000000000
5 100 5 36 0.0152496687
10 20 1 133 0.0052251526
10 20 2 79 0.0319440542
10 20 3 97 0.0000000000
10 20 4 99 0.0000000000
10 20 5 53 0.0148737548
10 50 1 79 0.0000000000
10 50 2 79 0.0000000000
10 50 3 79 0.0000000000
10 50 4 79 0.0000000000
10 50 5 59 0.0248604401
10 100 1 79 0.0000000000
10 100 2 79 0.0000000000
10 100 3 79 0.0000000000
10 100 4 79 0.0000000000
10 100 5 71 0.0000000000
20 50 1 99 0.0000000000
20 50 2 99 0.0000000000
20 50 3 79 0.0000000000
20 50 4 99 0.0000000000
20 50 5 53 0.0399853406
20 100 1 99 0.0000000000
20 100 2 79 0.0063888108
20 100 3 79 0.0000000000
20 100 4 79 0.0000000000
20 100 5 3 0.0360836512
50 100 1 80 0.0000000000
50 100 2 99 0.0000000000
50 100 3 99 0.0000000000
50 100 4 79 0.0000000000
50 100 5 75 0.0279463749
