5 10 1 79 0.0000000000
5 10 2 79 0.0000000000
5 10 3 79 0.0000000000
5 10 4 79 0.0000000000
5 10 5 109 0.0019137416
5 20 1 112 0.0044798461
5 20 2 44 0.0181614387
5 20 3 97 0.0066905020
5 20 4 100 0.0008530592
5 20 5 109 0.0140296993
5 50 1 80 0.0000000000
5 50 2 79 0.0000000000
5 50 3 99 0.0000000000
5 50 4 80 0.0000000000
5 50 5 44 0.0110932806
5 100 1 79 0.0000000000
5 100 2 80 0.0000000000
5 100 3 79 0.0000000000
5 100 4 79 0.0000000000
5 100 5 36 0.0138324611
10 20 1 133 0.0050888442
10 20 2 79 0.0311107311
10 20 3 79 0.0000000000
10 20 4 99 0.0000000000
10 20 5 53 0.0136813387
10 50 1 79 0.0000000000
10 50 2 79 0.0000000000
10 50 3 79 0.0000000000
10 50 4 79 0.0000000000
10 50 5 59 0.0242119069
10 100 1 79 0.0000000000
10 100 2 79 0.0000000000
10 100 3 79 0.0000000000
10 100 4 79 0.0000000000
10 100 5 71 0.0000000000
20 50 1 99 0.0000000000
20 50 2 99 0.0000000000
20 50 3 79 0.0000000000
20 50 4 99 0.0000000000
20 50 5 53 0.0381424339
20 100 1 79 0.0000000000
20 100 2 79 0.0062221462
20 100 3 79 0.0000000000
20 100 4 79 0.0000000000
20 100 5 3 0.0338097003
50 100 1 79 0.0000000000
50 100 2 99 0.0000000000
50 100 3 79 0.0000000000
50 100 4 79 0.0000000000
50 100 5 75 0.0253886311
