识别种类	实际种类
100		100
100		100
100		100
100		100
100		100
100		100
100		100
100		100
100		100
100		100
100		100
100		100
100		100
100		100
100		100
100		100
100		100
100		100
100		100
100		100
100		100
100		100
100		100
100		100
100		100
100		100
100		100
100		100
100		100
100		100
100		100
100		100
100		100
100		100
100		100
100		100
100		100
100		100
100		100
100		100
100		100
100		100
100		100
100		100
100		100
100		100
100		100
100		100
100		100
100		100
100		100
100		100
100		100
100		100
100		100
100		100
100		100
100		100
100		100
100		100
100		100
100		100
 50		100	100ZN_94_up_trans_G.txt
100		100
100		100
100		100
100		100
100		100
100		100
100		100
100		100
100		100
100		100
 50		10	10ZN_71_up_trans_G.txt
 50		10	10ZN_72_up_trans_G.txt
 50		10	10ZN_73_up_trans_G.txt
 50		10	10ZN_74_up_trans_G.txt
 50		10	10ZN_75_up_trans_G.txt
100		10	10ZN_76_up_trans_G.txt
 50		10	10ZN_77_up_trans_G.txt
 50		10	10ZN_78_up_trans_G.txt
 50		10	10ZN_79_up_trans_G.txt
 50		10	10ZN_80_up_trans_G.txt
 50		10	10ZN_81_up_trans_G.txt
 50		10	10ZN_82_up_trans_G.txt
100		10	10ZN_83_up_trans_G.txt
 50		10	10ZN_84_up_trans_G.txt
100		10	10ZN_85_up_trans_G.txt
 10		10
 50		10	10ZN_87_up_trans_G.txt
 50		10	10ZN_88_up_trans_G.txt
 50		10	10ZN_89_up_trans_G.txt
 50		10	10ZN_90_up_trans_G.txt
 50		10	10ZN_91_up_trans_G.txt
 10		10
 50		10	10ZN_93_up_trans_G.txt
 50		10	10ZN_94_up_trans_G.txt
 50		10	10ZN_95_up_trans_G.txt
 50		10	10ZN_96_up_trans_G.txt
 50		10	10ZN_97_up_trans_G.txt
 50		10	10ZN_98_up_trans_G.txt
 50		10	10ZN_99_up_trans_G.txt
 20		20
 20		20
 20		20
 20		20
 20		20
 20		20
 20		20
 20		20
 20		20
 20		20
 20		20
 20		20
 20		20
 20		20
 20		20
 20		20
 20		20
 20		20
 20		20
 20		20
 20		20
 20		20
 20		20
 20		20
 20		20
 20		20
 50		20	20ZN_83_down_trans_G.txt
 20		20
 20		20
 50		20	20ZN_84_up_trans_G.txt
 20		20
 20		20
 20		20
 20		20
 20		20
 20		20
 20		20
 20		20
 20		20
 20		20
 20		20
 20		20
 20		20
 20		20
 20		20
 20		20
 20		20
 20		20
 20		20
 20		20
 20		20
 20		20
 20		20
 20		20
 20		20
 20		20
 20		20
 10		50	50ZN_71_down_trans_G.txt
 50		50
 50		50
 50		50
 50		50
 50		50
 50		50
 50		50
 50		50
 10		50	50ZN_75_up_trans_G.txt
 50		50
 50		50
 50		50
 50		50
 50		50
 50		50
 50		50
 50		50
 50		50
 50		50
 50		50
 50		50
 50		50
 50		50
 50		50
 50		50
 50		50
 50		50
 50		50
 50		50
 50		50
 50		50
 50		50
 50		50
 50		50
 50		50
 50		50
 50		50
 50		50
 20		50	50ZN_93_up_trans_G.txt
  5		5
  5		5
  5		5
  5		5
  5		5
  5		5
  5		5
  5		5
  5		5
  5		5
  5		5
  5		5
  5		5
  5		5
  5		5
  5		5
  5		5
  5		5
100		5	5ZN_80_down_trans_G.txt
  5		5
  5		5
  5		5
  5		5
  5		5
  5		5
  5		5
  5		5
  5		5
  5		5
  5		5
  5		5
  5		5
  5		5
  5		5
  5		5
  5		5
  5		5
  5		5
  5		5
  5		5
  5		5
  5		5
  5		5
  5		5
  5		5
  5		5
  5		5
  5		5
  5		5
  5		5
  5		5
  5		5
  5		5
  5		5
  5		5
  5		5
  5		5

正确识别数：	222
总数为：	256
准确率为：	0.867
