5 10 1 48 0.0111369089
5 10 2 44 0.0172652461
5 10 3 44 0.0146123168
5 10 4 44 0.0055602595
5 10 5 48 0.0405973108
5 20 1 87 0.0177668877
5 20 2 23 0.0855220250
5 20 3 108 0.0347611643
5 20 4 108 0.0144896136
5 20 5 24 0.0170244957
5 50 1 28 0.0124622140
5 50 2 42 0.0025500399
5 50 3 44 0.0007327346
5 50 4 44 0.0000000000
5 50 5 139 0.1064708233
5 100 1 44 0.0097188335
5 100 2 36 0.0307447121
5 100 3 108 0.0464709819
5 100 4 132 0.0158058899
5 100 5 114 0.0853222644
10 20 1 133 0.0060766569
10 20 2 133 0.0355565660
10 20 3 34 0.0296680025
10 20 4 133 0.0145894153
10 20 5 113 0.0204699917
10 50 1 93 0.0098812717
10 50 2 93 0.0329065571
10 50 3 65 0.0303664264
10 50 4 124 0.0140647795
10 50 5 102 0.0807099282
10 100 1 27 0.0157474843
10 100 2 71 0.0608398370
10 100 3 66 0.0327007529
10 100 4 66 0.0157647550
10 100 5 15 0.0623492319
20 50 1 27 0.0285170712
20 50 2 83 0.0610839619
20 50 3 38 0.0437525020
20 50 4 38 0.0148829177
20 50 5 53 0.0648646853
20 100 1 26 0.0104915061
20 100 2 26 0.0216199793
20 100 3 35 0.0280278410
20 100 4 35 0.0197552104
20 100 5 35 0.0215983083
50 100 1 26 0.0218270756
50 100 2 42 0.0179898644
50 100 3 44 0.0381928945
50 100 4 44 0.0149392153
50 100 5 45 0.0909214485