5 10 1 28 0.0035162215
5 10 2 44 0.0066134662
5 10 3 44 0.0047486498
5 10 4 44 0.0021084399
5 10 5 48 0.0193724772
5 20 1 87 0.0054306670
5 20 2 23 0.0292361092
5 20 3 108 0.0138901171
5 20 4 108 0.0055059347
5 20 5 23 0.0072691949
5 50 1 42 0.0008041732
5 50 2 42 0.0008500133
5 50 3 44 0.0002442449
5 50 4 44 0.0000000000
5 50 5 45 0.0379189635
5 100 1 44 0.0037033742
5 100 2 108 0.0091854445
5 100 3 34 0.0161763548
5 100 4 132 0.0066233644
5 100 5 15 0.0353054086
10 20 1 133 0.0027057110
10 20 2 113 0.0131217590
10 20 3 34 0.0118355946
10 20 4 133 0.0048685739
10 20 5 113 0.0045539835
10 50 1 93 0.0035555546
10 50 2 93 0.0097345086
10 50 3 65 0.0097710700
10 50 4 38 0.0045636338
10 50 5 133 0.0311871721
10 100 1 27 0.0062270835
10 100 2 26 0.0205305645
10 100 3 66 0.0123360713
10 100 4 66 0.0062122055
10 100 5 15 0.0241075971
20 50 1 93 0.0119702477
20 50 2 83 0.0195213698
20 50 3 38 0.0172727569
20 50 4 38 0.0057461138
20 50 5 52 0.0231274700
20 100 1 26 0.0030865191
20 100 2 26 0.0029928434
20 100 3 35 0.0081348528
20 100 4 35 0.0074998194
20 100 5 35 0.0052221976
50 100 1 26 0.0061391393
50 100 2 42 0.0051233440
50 100 3 5 0.0130949384
50 100 4 44 0.0039422160
50 100 5 45 0.0273819634
