5 10 1 73 0.0154868206
5 10 2 44 0.0259611068
5 10 3 44 0.0236853526
5 10 4 44 0.0087862583
5 10 5 48 0.0604025280
5 20 1 87 0.0262574816
5 20 2 44 0.1181537328
5 20 3 108 0.0493434255
5 20 4 108 0.0209071156
5 20 5 24 0.0264794438
5 50 1 28 0.0190607960
5 50 2 42 0.0058650918
5 50 3 44 0.0025929683
5 50 4 44 0.0002160201
5 50 5 94 0.1481871800
5 100 1 44 0.0134579252
5 100 2 36 0.0477712581
5 100 3 46 0.0615283079
5 100 4 38 0.0239927837
5 100 5 114 0.1221517590
10 20 1 133 0.0084613784
10 20 2 133 0.0533429827
10 20 3 34 0.0464955999
10 20 4 133 0.0191800180
10 20 5 113 0.0343535643
10 50 1 93 0.0150370467
10 50 2 93 0.0453949210
10 50 3 65 0.0446656238
10 50 4 124 0.0191080551
10 50 5 102 0.1072687745
10 100 1 27 0.0228759997
10 100 2 71 0.0843996295
10 100 3 66 0.0443779470
10 100 4 46 0.0207345708
10 100 5 15 0.0809505034
20 50 1 72 0.0367517405
20 50 2 83 0.0941108001
20 50 3 38 0.0578713573
20 50 4 38 0.0236464777
20 50 5 53 0.1011931828
20 100 1 26 0.0188918987
20 100 2 26 0.0365924049
20 100 3 35 0.0419975718
20 100 4 35 0.0284680093
20 100 5 35 0.0360331633
50 100 1 6 0.0346809165
50 100 2 42 0.0295662431
50 100 3 44 0.0576359472
50 100 4 44 0.0203753523
50 100 5 82 0.1612415920
