5 10 1 28 0.0054848010
5 10 2 44 0.0114971556
5 10 3 44 0.0078474487
5 10 4 44 0.0033388930
5 10 5 48 0.0284815753
5 20 1 87 0.0090037097
5 20 2 44 0.0486997332
5 20 3 108 0.0200663854
5 20 4 108 0.0088066911
5 20 5 24 0.0109495900
5 50 1 28 0.0035088087
5 50 2 42 0.0010200160
5 50 3 44 0.0002930939
5 50 4 44 0.0000000000
5 50 5 139 0.0632519548
5 100 1 44 0.0057121429
5 100 2 36 0.0148948072
5 100 3 108 0.0281941527
5 100 4 38 0.0095604201
5 100 5 15 0.0520813821
10 20 1 133 0.0040087756
10 20 2 133 0.0210537943
10 20 3 34 0.0167126537
10 20 4 133 0.0081319883
10 20 5 113 0.0096161908
10 50 1 93 0.0060858414
10 50 2 93 0.0166558266
10 50 3 65 0.0168459229
10 50 4 38 0.0079523644
10 50 5 133 0.0535042933
10 100 1 27 0.0103787161
10 100 2 71 0.0322347127
10 100 3 66 0.0183247033
10 100 4 66 0.0098871453
10 100 5 15 0.0334679552
20 50 1 27 0.0178340373
20 50 2 83 0.0281770157
20 50 3 38 0.0264226842
20 50 4 38 0.0084586659
20 50 5 52 0.0394276908
20 100 1 26 0.0044088254
20 100 2 26 0.0083174531
20 100 3 35 0.0165851024
20 100 4 35 0.0118045041
20 100 5 35 0.0083555161
50 100 1 26 0.0110246481
50 100 2 42 0.0082159617
50 100 3 44 0.0195388150
50 100 4 44 0.0080670655
50 100 5 45 0.0435297313
