5 10 1 73 0.0197967041
5 10 2 44 0.0431523747
5 10 3 44 0.0339712092
5 10 4 44 0.0146076112
5 10 5 48 0.0857980184
5 20 1 108 0.0358517052
5 20 2 44 0.1626238183
5 20 3 108 0.0701091294
5 20 4 108 0.0276840932
5 20 5 24 0.0386108058
5 50 1 28 0.0319647745
5 50 2 42 0.0066301037
5 50 3 44 0.0039204949
5 50 4 44 0.0002441966
5 50 5 94 0.1855653190
5 100 1 44 0.0188230030
5 100 2 44 0.0858182578
5 100 3 46 0.0764356266
5 100 4 38 0.0334122064
5 100 5 114 0.1572303644
10 20 1 133 0.0123503745
10 20 2 133 0.0780198785
10 20 3 34 0.0622147031
10 20 4 133 0.0284599591
10 20 5 113 0.0527593564
10 50 1 93 0.0235443213
10 50 2 93 0.0732048853
10 50 3 12 0.0653253416
10 50 4 124 0.0264033769
10 50 5 102 0.1405999082
10 100 1 27 0.0339597849
10 100 2 71 0.1217460802
10 100 3 33 0.0552284898
10 100 4 46 0.0247454340
10 100 5 15 0.1117727651
20 50 1 27 0.0451965326
20 50 2 83 0.1537884483
20 50 3 38 0.0768608849
20 50 4 38 0.0320950396
20 50 5 53 0.1271206369
20 100 1 26 0.0268503848
20 100 2 26 0.0586169541
20 100 3 35 0.0656369261
20 100 4 35 0.0386911865
20 100 5 35 0.0515437348
50 100 1 44 0.0205605607
50 100 2 42 0.0434585955
50 100 3 44 0.0841247052
50 100 4 44 0.0275643289
50 100 5 128 0.2055516749
