5 10 1 84 0.0598256007
5 10 2 46 0.4364360159
5 10 3 68 0.0927883437
5 10 4 47 0.0943108081
5 10 5 7 0.2296207698
5 20 1 54 0.0076320349
5 20 2 24 0.7206755241
5 20 3 5 0.3244044308
5 20 4 21 0.1176296458
5 20 5 54 0.1145921085
5 50 1 42 0.0045234744
5 50 2 42 0.6565707704
5 50 3 44 0.2380180370
5 50 4 126 0.0660159048
5 50 5 62 0.2190058846
5 100 1 51 0.0380972896
5 100 2 146 0.6555269161
5 100 3 114 0.1964511664
5 100 4 46 0.1113241808
5 100 5 19 0.1229513644
10 20 1 23 0.0342908701
10 20 2 30 0.5604769562
10 20 3 127 0.2403950178
10 20 4 15 0.0904748241
10 20 5 23 0.0220581147
10 50 1 93 0.0042235051
10 50 2 53 0.4901092938
10 50 3 127 0.1301931743
10 50 4 33 0.0969516773
10 50 5 139 0.2763390050
10 100 1 71 0.0165667827
10 100 2 105 0.3787792766
10 100 3 46 0.1748040838
10 100 4 43 0.0658713892
10 100 5 19 0.1710885916
20 50 1 42 0.0195834968
20 50 2 26 0.7615887610
20 50 3 12 0.1799093488
20 50 4 131 0.1061533716
20 50 5 38 0.6501504336
20 100 1 71 0.0903266684
20 100 2 38 0.7900459216
20 100 3 34 0.0949895996
20 100 4 1 0.1182984463
20 100 5 39 0.6370631618
50 100 1 55 0.0211526654
50 100 2 82 0.8348240420
50 100 3 131 0.1275193494
50 100 4 15 0.0826827892
50 100 5 19 0.3776424332