5 10 1 73 0.0167138246
5 10 2 44 0.0312100946
5 10 3 44 0.0271573134
5 10 4 44 0.0115945646
5 10 5 48 0.0663217851
5 20 1 87 0.0284610296
5 20 2 44 0.1334863118
5 20 3 108 0.0548115867
5 20 4 108 0.0231080997
5 20 5 24 0.0306729938
5 50 1 28 0.0229011117
5 50 2 42 0.0061200957
5 50 3 44 0.0036189183
5 50 4 44 0.0002254122
5 50 5 94 0.1605076568
5 100 1 44 0.0149936181
5 100 2 36 0.0597059150
5 100 3 46 0.0657990457
5 100 4 103 0.0277657822
5 100 5 114 0.1377327490
10 20 1 133 0.0090877157
10 20 2 133 0.0640666004
10 20 3 34 0.0526631124
10 20 4 133 0.0226588059
10 20 5 113 0.0416747985
10 50 1 93 0.0173150537
10 50 2 93 0.0530696116
10 50 3 65 0.0495756195
10 50 4 124 0.0217568646
10 50 5 102 0.1159026153
10 100 1 27 0.0263607110
10 100 2 71 0.0952921235
10 100 3 66 0.0495956585
10 100 4 46 0.0219797209
10 100 5 15 0.0898569714
20 50 1 72 0.0389339137
20 50 2 83 0.1124566896
20 50 3 38 0.0651182038
20 50 4 38 0.0261086995
20 50 5 53 0.1108353994
20 100 1 26 0.0214336490
20 100 2 26 0.0433337213
20 100 3 35 0.0489186251
20 100 4 35 0.0333099716
20 100 5 35 0.0398817196
50 100 1 38 0.0366545110
50 100 2 42 0.0339536553
50 100 3 44 0.0644821605
50 100 4 44 0.0233526165
50 100 5 128 0.1788582266
