5 10 1 130 0.0509837853
5 10 2 44 0.1882985012
5 10 3 67 0.1209483667
5 10 4 91 0.0529956271
5 10 5 7 0.1502501880
5 20 1 95 0.0635104450
5 20 2 24 0.4641335826
5 20 3 108 0.1902311711
5 20 4 21 0.0740272047
5 20 5 24 0.1886977052
5 50 1 42 0.0030156496
5 50 2 42 0.0447433666
5 50 3 44 0.0332016936
5 50 4 44 0.0074019887
5 50 5 62 0.1460039231
5 100 1 1 0.0439372559
5 100 2 44 0.3270218319
5 100 3 114 0.1309674443
5 100 4 46 0.0665515203
5 100 5 39 0.4102643377
10 20 1 23 0.0228605801
10 20 2 133 0.2942043461
10 20 3 47 0.1485589601
10 20 4 111 0.0659973504
10 20 5 54 0.2259509882
10 50 1 42 0.0294889004
10 50 2 53 0.3040554265
10 50 3 12 0.1276395692
10 50 4 33 0.0579953041
10 50 5 139 0.1824976644
10 100 1 142 0.0233741902
10 100 2 44 0.3715494026
10 100 3 46 0.1078677496
10 100 4 46 0.0501285506
10 100 5 33 0.3316345625
20 50 1 42 0.0130556645
20 50 2 26 0.4670722926
20 50 3 53 0.1816827357
20 50 4 131 0.0658262970
20 50 5 53 0.3980213734
20 100 1 142 0.0803568782
20 100 2 133 0.3021787919
20 100 3 47 0.2017936046
20 100 4 38 0.0832630957
20 100 5 52 0.2927934450
50 100 1 142 0.0275882695
50 100 2 42 0.2757855556
50 100 3 52 0.1924361229
50 100 4 33 0.0831201459
50 100 5 19 0.2484577215
