5 10 1 28 0.0055128893
5 10 2 44 0.0124311778
5 10 3 44 0.0058290293
5 10 4 44 0.0025497523
5 10 5 48 0.0240305125
5 10 6 87 0.0059398561
5 10 7 44 0.0204022566
5 10 8 24 0.0076006131
5 10 9 44 0.0033808837
5 10 10 47 0.0250914398
5 20 1 48 0.0096480130
5 20 2 23 0.0405788894
5 20 3 108 0.0172890331
5 20 4 108 0.0073635379
5 20 5 23 0.0093705153
5 20 6 87 0.0086192229
5 20 7 33 0.0389560204
5 20 8 33 0.0132449027
5 20 9 33 0.0052880104
5 20 10 24 0.0119589599
5 50 1 28 0.0032274868
5 50 2 42 0.0023297267
5 50 3 44 0.0006549585
5 50 4 44 0.0000000000
5 50 5 139 0.0609917457
5 50 6 28 0.0095378012
5 50 7 42 0.0044286004
5 50 8 44 0.0000000000
5 50 9 44 0.0000000000
5 50 10 82 0.0245914321
5 100 1 44 0.0041196943
5 100 2 36 0.0153661347
5 100 3 108 0.0230040051
5 100 4 38 0.0071382851
5 100 5 114 0.0403368960
5 100 6 132 0.0119053661
5 100 7 112 0.0253283902
5 100 8 44 0.0071232919
5 100 9 44 0.0035619678
5 100 10 62 0.0583408864
10 20 1 133 0.0035308646
10 20 2 133 0.0226024198
10 20 3 34 0.0161560407
10 20 4 133 0.0085411124
10 20 5 113 0.0112768499
10 20 6 133 0.0064495719
10 20 7 113 0.0338391433
10 20 8 96 0.0150349724
10 20 9 34 0.0074779247
10 20 10 52 0.0218082098
10 50 1 93 0.0067474805
10 50 2 93 0.0269261913
10 50 3 65 0.0187945396
10 50 4 38 0.0076315952
10 50 5 19 0.0507106629
10 50 6 93 0.0073697710
10 50 7 93 0.0369176339
10 50 8 68 0.0275938673
10 50 9 111 0.0097487158
10 50 10 62 0.0375166112
10 100 1 27 0.0058687483
10 100 2 71 0.0306565394
10 100 3 66 0.0159637347
10 100 4 66 0.0086831465
10 100 5 15 0.0319244689
10 100 6 27 0.0079997099
10 100 7 27 0.0425029307
10 100 8 152 0.0197095156
10 100 9 152 0.0078047491
10 100 10 128 0.0409627631
20 50 1 27 0.0166715709
20 50 2 83 0.0251252274
20 50 3 38 0.0286692775
20 50 4 38 0.0095224329
20 50 5 53 0.0495361605
20 50 6 42 0.0167427279
20 50 7 83 0.0290693377
20 50 8 33 0.0173917836
20 50 9 33 0.0085086217
20 50 10 33 0.0359519103
20 100 1 26 0.0044288145
20 100 2 26 0.0083993450
20 100 3 35 0.0133868891
20 100 4 35 0.0098038626
20 100 5 35 0.0131533373
20 100 6 52 0.0063727296
20 100 7 132 0.0068835176
20 100 8 52 0.0183150685
20 100 9 52 0.0066924434
20 100 10 52 0.0088167813
50 100 1 26 0.0124066886
50 100 2 42 0.0115401766
50 100 3 44 0.0210403888
50 100 4 44 0.0073419511
50 100 5 45 0.0487279191
50 100 6 94 0.0137291815
50 100 7 42 0.0188008290
50 100 8 24 0.0260722356
50 100 9 62 0.0101088944
50 100 10 43 0.0594769404
