5 10 1 48 0.0076378588
5 10 2 44 0.0146654054
5 10 3 44 0.0081959512
5 10 4 44 0.0028330581
5 10 5 48 0.0279490005
5 10 6 73 0.0071638550
5 10 7 44 0.0245161262
5 10 8 44 0.0094670319
5 10 9 44 0.0043826801
5 10 10 47 0.0397277145
5 20 1 48 0.0132156156
5 20 2 23 0.0516629096
5 20 3 108 0.0220181935
5 20 4 108 0.0098146779
5 20 5 23 0.0153632208
5 20 6 87 0.0112481538
5 20 7 33 0.0473640772
5 20 8 33 0.0175536500
5 20 9 33 0.0085927398
5 20 10 24 0.0184058019
5 50 1 28 0.0091911299
5 50 2 42 0.0025885852
5 50 3 44 0.0007277316
5 50 4 44 0.0001868888
5 50 5 27 0.0780199406
5 50 6 94 0.0136209829
5 50 7 42 0.0065608895
5 50 8 44 0.0000000000
5 50 9 44 0.0000000000
5 50 10 82 0.0338751243
5 100 1 44 0.0055416607
5 100 2 36 0.0218512975
5 100 3 108 0.0297502195
5 100 4 132 0.0090308847
5 100 5 114 0.0483442078
5 100 6 44 0.0157413790
5 100 7 112 0.0350819030
5 100 8 44 0.0097658980
5 100 9 44 0.0048836211
5 100 10 62 0.0795268927
10 20 1 133 0.0041295147
10 20 2 133 0.0330764013
10 20 3 34 0.0205736562
10 20 4 133 0.0109534266
10 20 5 53 0.0167354555
10 20 6 133 0.0094187255
10 20 7 113 0.0441261118
10 20 8 34 0.0202582140
10 20 9 34 0.0099776541
10 20 10 54 0.0265622240
10 50 1 93 0.0088597421
10 50 2 93 0.0333821202
10 50 3 65 0.0258505071
10 50 4 38 0.0092287994
10 50 5 123 0.0614977368
10 50 6 93 0.0081886345
10 50 7 93 0.0466685795
10 50 8 68 0.0344823820
10 50 9 111 0.0122235226
10 50 10 62 0.0478215191
10 100 1 27 0.0074982451
10 100 2 71 0.0383794100
10 100 3 66 0.0216581225
10 100 4 68 0.0106945693
10 100 5 15 0.0407934418
10 100 6 27 0.0111987892
10 100 7 27 0.0598088329
10 100 8 152 0.0258587543
10 100 9 152 0.0097857475
10 100 10 128 0.0498299610
20 50 1 27 0.0204990862
20 50 2 83 0.0452384934
20 50 3 38 0.0354561325
20 50 4 38 0.0117758120
20 50 5 53 0.0619392200
20 50 6 42 0.0207919824
20 50 7 83 0.0400059715
20 50 8 33 0.0269075491
20 50 9 33 0.0106342758
20 50 10 33 0.0455001161
20 100 1 26 0.0063939422
20 100 2 132 0.0100486577
20 100 3 35 0.0180300674
20 100 4 35 0.0118458547
20 100 5 35 0.0162661961
20 100 6 52 0.0093915960
20 100 7 132 0.0102035492
20 100 8 52 0.0260880114
20 100 9 52 0.0089758959
20 100 10 52 0.0097964237
50 100 1 26 0.0167312840
50 100 2 42 0.0128224185
50 100 3 44 0.0255592300
50 100 4 44 0.0099346464
50 100 5 128 0.0595188421
50 100 6 94 0.0169169362
50 100 7 42 0.0302980633
50 100 8 24 0.0321254965
50 100 9 62 0.0127004436
50 100 10 43 0.0802937470
