5 10 1 48 0.0094410682
5 10 2 44 0.0210472467
5 10 3 44 0.0109067235
5 10 4 44 0.0042768259
5 10 5 48 0.0393645741
5 10 6 73 0.0089626658
5 10 7 44 0.0314321386
5 10 8 44 0.0113274230
5 10 9 44 0.0050505338
5 10 10 58 0.0590114541
5 20 1 48 0.0171200642
5 20 2 23 0.0737061854
5 20 3 108 0.0276623760
5 20 4 108 0.0125738626
5 20 5 23 0.0201576899
5 20 6 87 0.0132267289
5 20 7 33 0.0581475412
5 20 8 33 0.0209424417
5 20 9 33 0.0107543916
5 20 10 24 0.0211221124
5 50 1 28 0.0128177164
5 50 2 42 0.0028474437
5 50 3 44 0.0025275197
5 50 4 44 0.0002055777
5 50 5 27 0.0941979502
5 50 6 94 0.0158664932
5 50 7 42 0.0149185303
5 50 8 44 0.0004568439
5 50 9 44 0.0002295856
5 50 10 82 0.0451824992
5 100 1 44 0.0067268886
5 100 2 36 0.0313170126
5 100 3 108 0.0373952790
5 100 4 38 0.0127716867
5 100 5 114 0.0595521257
5 100 6 44 0.0193858607
5 100 7 112 0.0406632817
5 100 8 44 0.0129875964
5 100 9 44 0.0067702227
5 100 10 55 0.1056040007
10 20 1 133 0.0057106194
10 20 2 133 0.0409302959
10 20 3 34 0.0303819116
10 20 4 133 0.0130989994
10 20 5 113 0.0241848893
10 20 6 133 0.0113995767
10 20 7 113 0.0545469563
10 20 8 34 0.0282060211
10 20 9 34 0.0123229825
10 20 10 34 0.0377959394
10 50 1 93 0.0118074465
10 50 2 93 0.0439951439
10 50 3 65 0.0321291636
10 50 4 38 0.0113560804
10 50 5 123 0.0758437954
10 50 6 93 0.0126331313
10 50 7 93 0.0513354375
10 50 8 65 0.0428464427
10 50 9 111 0.0155954778
10 50 10 62 0.0576141285
10 100 1 27 0.0098634095
10 100 2 27 0.0461990035
10 100 3 66 0.0259840363
10 100 4 32 0.0127996109
10 100 5 15 0.0474693535
10 100 6 27 0.0168395362
10 100 7 96 0.0762451845
10 100 8 152 0.0308820818
10 100 9 152 0.0133976183
10 100 10 128 0.0694917172
20 50 1 27 0.0238541746
20 50 2 83 0.0543457079
20 50 3 38 0.0404916942
20 50 4 38 0.0146776197
20 50 5 53 0.0819346290
20 50 6 53 0.0285800033
20 50 7 83 0.0589626590
20 50 8 33 0.0335630450
20 50 9 33 0.0127148950
20 50 10 62 0.0642570837
20 100 1 133 0.0088512726
20 100 2 132 0.0180749712
20 100 3 35 0.0233923102
20 100 4 35 0.0148815446
20 100 5 35 0.0241825342
20 100 6 52 0.0112253788
20 100 7 132 0.0168453359
20 100 8 52 0.0333228411
20 100 9 52 0.0116602191
20 100 10 52 0.0157011604
50 100 1 6 0.0207244925
50 100 2 42 0.0168858249
50 100 3 44 0.0340640052
50 100 4 44 0.0124909972
50 100 5 128 0.0737884795
50 100 6 46 0.0220706585
50 100 7 42 0.0361761476
50 100 8 25 0.0412783068
50 100 9 62 0.0165680980
50 100 10 94 0.1076568682
