5 10 1 27 0.0000000000
5 10 2 133 0.0000000000
5 10 3 28 0.0000000000
5 10 4 66 0.0001217333
5 10 5 6 0.0023534148
5 20 1 94 0.0000000000
5 20 2 11 0.0000000000
5 20 3 61 0.0015615900
5 20 4 38 0.0004247885
5 20 5 113 0.0048792680
5 50 1 20 0.0000000000
5 50 2 48 0.0006834338
5 50 3 5 0.0000000000
5 50 4 5 0.0000000000
5 50 5 87 0.0000000000
5 100 1 17 0.0000000000
5 100 2 7 0.0000000000
5 100 3 107 0.0000000000
5 100 4 87 0.0005403590
5 100 5 19 0.0024779255
10 20 1 108 0.0000000000
10 20 2 21 0.0012063066
10 20 3 62 0.0000000000
10 20 4 13 0.0001992382
10 20 5 31 0.0012292390
10 50 1 75 0.0003473987
10 50 2 55 0.0000000000
10 50 3 111 0.0004272731
10 50 4 125 0.0002057901
10 50 5 67 0.0000000000
10 100 1 42 0.0000000000
10 100 2 130 0.0000000000
10 100 3 87 0.0003116536
10 100 4 129 0.0000000000
10 100 5 52 0.0000000000
20 50 1 128 0.0000000000
20 50 2 6 0.0000000000
20 50 3 7 0.0009882699
20 50 4 53 0.0002420930
20 50 5 13 0.0000000000
20 100 1 55 0.0000000000
20 100 2 23 0.0018203955
20 100 3 31 0.0000000000
20 100 4 52 0.0000000000
20 100 5 105 0.0000000000
50 100 1 86 0.0000000000
50 100 2 87 0.0000000000
50 100 3 48 0.0005849862
50 100 4 129 0.0004274046
50 100 5 62 0.0027403111