5 10 1 65 0.0001559626
5 10 2 65 0.0000000000
5 10 3 65 0.0070722075
5 10 4 65 0.0011482150
5 10 5 73 0.0048366845
5 20 1 46 0.0061717564
5 20 2 50 0.0099397948
5 20 3 71 0.0015792592
5 20 4 71 0.0009004923
5 20 5 72 0.0149783360
5 50 1 71 0.0015559839
5 50 2 71 0.0023012142
5 50 3 63 0.0453046260
5 50 4 83 0.0186002593
5 50 5 73 0.0031435921
5 100 1 92 0.0004542460
5 100 2 23 0.0000000000
5 100 3 63 0.0488097257
5 100 4 82 0.0188037399
5 100 5 72 0.0381483270
10 20 1 65 0.0085409718
10 20 2 65 0.0091558499
10 20 3 64 0.0209056485
10 20 4 64 0.0074255759
10 20 5 22 0.0925310614
10 50 1 71 0.0081032749
10 50 2 71 0.0034518213
10 50 3 53 0.0547672377
10 50 4 53 0.0191806111
10 50 5 105 0.0924419032
10 100 1 23 0.0191041931
10 100 2 23 0.0067625213
10 100 3 64 0.0422751326
10 100 4 64 0.0213995630
10 100 5 22 0.0660011401
20 50 1 62 0.0046310056
20 50 2 62 0.0061704328
20 50 3 71 0.0362854576
20 50 4 71 0.0170135178
20 50 5 90 0.0612616008
20 100 1 23 0.0011422244
20 100 2 23 0.0000000000
20 100 3 63 0.0232907222
20 100 4 63 0.0110358676
20 100 5 62 0.0458305421
50 100 1 23 0.0011561314
50 100 2 23 0.0038571626
50 100 3 63 0.0302944209
50 100 4 43 0.0159575064
50 100 5 42 0.0391392557
