5 10 1 71 0.0046161788
5 10 2 70 0.0037792476
5 10 3 112 0.0181886363
5 10 4 112 0.0051035734
5 10 5 92 0.0012348815
5 20 1 92 0.0019373218
5 20 2 111 0.0081822054
5 20 3 90 0.0034670896
5 20 4 90 0.0012372067
5 20 5 53 0.0111272351
5 50 1 90 0.0030935053
5 50 2 90 0.0010170217
5 50 3 22 0.0294504756
5 50 4 22 0.0138857776
5 50 5 56 0.0383163285
5 100 1 138 0.0008183965
5 100 2 70 0.0013014987
5 100 3 59 0.0434658178
5 100 4 137 0.0116811307
5 100 5 42 0.0305104421
10 20 1 92 0.0013609084
10 20 2 92 0.0014102872
10 20 3 108 0.0295777108
10 20 4 108 0.0103704322
10 20 5 92 0.0048341800
10 50 1 109 0.0014156850
10 50 2 109 0.0000000000
10 50 3 78 0.0401497173
10 50 4 99 0.0152567513
10 50 5 92 0.0096683600
10 100 1 24 0.0128823270
10 100 2 138 0.0149439218
10 100 3 58 0.0300840244
10 100 4 57 0.0157712038
10 100 5 92 0.0275270198
20 50 1 76 0.0147697503
20 50 2 99 0.0335463080
20 50 3 90 0.0331428137
20 50 4 90 0.0155386579
20 50 5 71 0.0723297796
20 100 1 138 0.0019103438
20 100 2 138 0.0033125947
20 100 3 138 0.0349480035
20 100 4 138 0.0112258799
20 100 5 38 0.0673307657
50 100 1 138 0.0047864956
50 100 2 138 0.0074289073
50 100 3 158 0.0510325745
50 100 4 137 0.0225757997
50 100 5 137 0.0516182726
