5 10 1 48 0.0108774048
5 10 2 44 0.0269086072
5 10 3 44 0.0141014260
5 10 4 44 0.0044712270
5 10 5 48 0.0443043133
5 20 1 62 0.0187965518
5 20 2 23 0.0856980069
5 20 3 108 0.0312440500
5 20 4 108 0.0139951134
5 20 5 23 0.0222179600
5 50 1 28 0.0134003399
5 50 2 42 0.0044653095
5 50 3 44 0.0026424070
5 50 4 44 0.0002149222
5 50 5 27 0.1009536084
5 100 1 44 0.0079030397
5 100 2 36 0.0378066918
5 100 3 108 0.0418954052
5 100 4 132 0.0141546153
5 100 5 114 0.0663132901
10 20 1 133 0.0070553818
10 20 2 133 0.0475436663
10 20 3 67 0.0342801886
10 20 4 87 0.0146695404
10 20 5 113 0.0290902690
10 50 1 93 0.0126384098
10 50 2 93 0.0496166587
10 50 3 65 0.0350177896
10 50 4 38 0.0132072329
10 50 5 102 0.0832983356
10 100 1 27 0.0112493430
10 100 2 71 0.0504142723
10 100 3 66 0.0301761794
10 100 4 46 0.0139684389
10 100 5 15 0.0536989414
20 50 1 27 0.0257768633
20 50 2 83 0.0656806460
20 50 3 38 0.0438166451
20 50 4 38 0.0168880392
20 50 5 53 0.0882743999
20 100 1 133 0.0097620366
20 100 2 133 0.0243878492
20 100 3 35 0.0257714024
20 100 4 35 0.0173852896
20 100 5 35 0.0270384695
50 100 1 94 0.0233071747
50 100 2 42 0.0206302353
50 100 3 44 0.0382205924
50 100 4 44 0.0138736261
50 100 5 128 0.0881605104
