5 10 1 114 0.0162873402
5 10 2 117 0.0621174533
5 10 3 115 0.0401761062
5 10 4 115 0.0183502344
5 10 5 125 0.1021473515
5 20 1 133 0.0047401663
5 20 2 107 0.0233118617
5 20 3 53 0.0441753015
5 20 4 123 0.0115912007
5 20 5 109 0.0599138959
5 50 1 133 0.0081156473
5 50 2 119 0.0234362182
5 50 3 117 0.0183769278
5 50 4 123 0.0043741263
5 50 5 22 0.0628152429
5 100 1 133 0.0113651873
5 100 2 53 0.0509023067
5 100 3 53 0.0466326792
5 100 4 129 0.0199366134
5 100 5 146 0.0369225138
10 20 1 128 0.0177743661
10 20 2 48 0.0701045307
10 20 3 113 0.0529053018
10 20 4 113 0.0231857916
10 20 5 108 0.0709655955
10 50 1 107 0.0285760571
10 50 2 132 0.1008137022
10 50 3 53 0.0396113356
10 50 4 53 0.0171037540
10 50 5 99 0.1140732661
10 100 1 146 0.0216564102
10 100 2 146 0.0596297301
10 100 3 10 0.0520742714
10 100 4 10 0.0190565701
10 100 5 146 0.0415061451
20 50 1 108 0.0181659239
20 50 2 78 0.0403967243
20 50 3 133 0.0204282379
20 50 4 133 0.0089328667
20 50 5 108 0.0765042075
20 100 1 109 0.0062570456
20 100 2 109 0.0249285525
20 100 3 126 0.0443813524
20 100 4 28 0.0227732102
20 100 5 108 0.0265471970
50 100 1 70 0.0226069524
50 100 2 119 0.0450773068
50 100 3 53 0.0336279426
50 100 4 122 0.0145339100
50 100 5 99 0.1085805540
