5 10 1 114 0.0118732777
5 10 2 74 0.0400292608
5 10 3 115 0.0314514612
5 10 4 115 0.0147845616
5 10 5 125 0.0697053704
5 10 6 114 0.0083518859
5 10 7 114 0.0453428258
5 10 8 114 0.0432377798
5 10 9 114 0.0134718770
5 10 10 114 0.0336349601
5 20 1 133 0.0021764319
5 20 2 107 0.0167811241
5 20 3 53 0.0335592860
5 20 4 123 0.0076624574
5 20 5 109 0.0330662106
5 20 6 107 0.0044569006
5 20 7 107 0.0078195174
5 20 8 53 0.0252110112
5 20 9 123 0.0061592604
5 20 10 79 0.0215596280
5 50 1 133 0.0036466995
5 50 2 119 0.0150120538
5 50 3 117 0.0144148669
5 50 4 123 0.0025364480
5 50 5 22 0.0438505224
5 50 6 133 0.0076458758
5 50 7 119 0.0171595890
5 50 8 123 0.0043537377
5 50 9 123 0.0005875035
5 50 10 79 0.0281959637
5 100 1 133 0.0065145652
5 100 2 53 0.0274880136
5 100 3 53 0.0340410035
5 100 4 53 0.0138357232
5 100 5 146 0.0278506663
5 100 6 133 0.0131628394
5 100 7 65 0.0581419780
5 100 8 65 0.0352203403
5 100 9 149 0.0093738112
5 100 10 146 0.0609415706
10 20 1 128 0.0117044288
10 20 2 128 0.0455374580
10 20 3 113 0.0402292743
10 20 4 30 0.0175494542
10 20 5 109 0.0505918176
10 20 6 79 0.0166699198
10 20 7 128 0.0584146598
10 20 8 93 0.0467066982
10 20 9 111 0.0182700613
10 20 10 79 0.0549305884
10 50 1 107 0.0222049807
10 50 2 132 0.0710479500
10 50 3 53 0.0259972292
10 50 4 53 0.0108723082
10 50 5 99 0.0862695115
10 50 6 66 0.0204296617
10 50 7 106 0.0955323737
10 50 8 133 0.0446494395
10 50 9 122 0.0157888425
10 50 10 79 0.0654192580
10 100 1 146 0.0156728326
10 100 2 146 0.0383305709
10 100 3 10 0.0385253450
10 100 4 10 0.0147113606
10 100 5 146 0.0279206370
10 100 6 146 0.0169919215
10 100 7 146 0.0573668890
10 100 8 72 0.0326946182
10 100 9 109 0.0154695782
10 100 10 146 0.0549932098
20 50 1 108 0.0127920866
20 50 2 78 0.0193185684
20 50 3 133 0.0124509786
20 50 4 133 0.0060015775
20 50 5 108 0.0516410841
20 50 6 109 0.0181965700
20 50 7 78 0.0343207487
20 50 8 133 0.0105795356
20 50 9 133 0.0056179828
20 50 10 128 0.0392869609
20 100 1 109 0.0037769829
20 100 2 109 0.0166233572
20 100 3 126 0.0325569466
20 100 4 108 0.0166891167
20 100 5 108 0.0157580275
20 100 6 109 0.0032048567
20 100 7 109 0.0092100699
20 100 8 111 0.0187367528
20 100 9 111 0.0090364147
20 100 10 109 0.0123279536
50 100 1 70 0.0157746440
50 100 2 119 0.0249246775
50 100 3 53 0.0219822618
50 100 4 122 0.0097300121
50 100 5 99 0.0798428601
50 100 6 118 0.0191358973
50 100 7 119 0.0275238815
50 100 8 111 0.0357390717
50 100 9 122 0.0089664454
50 100 10 111 0.0615395778
